-75 2 4 0 0 9 0 0 0 0 0 1 1 1 ff a8 0 ff 1 0 ff 1 1 1 ff 9d 1 1 1 ff 9d 0 0 0 0 0 0 0 0 0 0 0 0 0 0 0 0 0 0 0 0 0 0 0 0 0 0 0 0 0 0 0 0 0 0
-77 4 4 0 0 9 0 0 0 0 0 1 1 1 ff b2 1 1 1 ff 9f 1 1 1 ff 9e 0 ff 1 0 ff 0 0 0 0 0 0 0 0 0 0 0 0 0 0 0 0 0 0 0 0 0-75 2 4 0 0 9 0 0 0 0 0 1 1 1 ff a8 0 ff 1 0 ff 1 1 1 ff 9f 1 1 1 ff 9d 0 0 0 0 0 0 0 0 0 0 0 0 0 0 0 0 0 0 0 0 0 0 0 0 0 0 0 0 0 0 0 0 0 0
-88 3 4 0 0 9 0 0 0 0 0 1 1 1 ff 95 1 1 1 ff 9e 0 ff 1 0 ff 1 1 1 ff 9d 0 0 0 0 0 0 0 0 0 0 0 0 0 0 0 0 0 0 0 0 0 0 0 0 0 0 0 0 0 0 0 0 0 0
-78 4 4 0 0 9 0 0 0 0 0 1 1 1 ff b2 1 1 1 ff a1 1 1 1 ff 9e 0 ff 1 0 ff 0 0 0 0 0 0 0 0 0 0 0 0 0 0 0 0 0 0 0 0 0 0 0 0 0 0 0 0 0 0 0 0 0 0
-79 1 4 0 0 9 0 0 0 0 0 0 0 1 0 ff 1 1 1 ff a9 1 1 1 ff 97 1 1 1 ff b1 0 0 0 0 0 0 0 0 0 0 0 0 0 0 0 0 0 0 0 0 0 0 0 0 0 0 0 0 0 0 0 0 0 0
-90 3 4 0 0 9 0 0 0 0 0 1 1 1 ff 94 1 1 1 ff 9e 0 ff 1 0 ff 1 1 1 ff 9c 0 0 0 0 0 0 0 0 0 0 0 0 0 0 0 0 0 0 0 0 0 0 0 0 0 0 0 0 0 0 0 0 0 0
-75 2 4 0 0 9 0 0 0 0 0 1 1 1 ff a8 0 ff 1 0 ff 1 1 1 ff 9d 1 1 1 ff 9d 0 0 0 0 0 0 0 0 0 0 0 0 0 0 0 0 0 0 0 0 0 0 0 0 0 0 0 0 0 0 0 0 0 0
-78 4 4 0 0 9 0 0 0 0 0 1 1 1 ff b2 1 1 1 ff a0 1 1 1 ff 9e 0 ff 1 0 ff 0 0 0 0 0 0 0 0 0 0 0 0 0 0 0 0 0 0 0 0 0 0 0 0 0 0 0 0 0 0 0 0 0 0
k-77 4 4 0 0 9 0 0 0 0 0 1 1 1 ff b1 1 1 1 ff a0 1 1 1 ff 9 0 ff 1 0 ff 0 0 0 0 0 0 0 0 0 0 0 0 0 0 0 0 0 0 0 00 0 0 0 0 0 0 0 0 0 0 0 0 0
-75 2 4 0 0 9 0 0 0 0 0 1 1 1 ff a8 0 ff 1 0 ff 1 1 1 ff 9d 1 1 1 ff 9d 0 0 0 0 0 0 0 0 0 0 0 0 0 0 0 0 0 0 0 00 0 0 0 0 0 0 0 0 0 0 0 0 0
77 4 4 0 0 9 0 0 0 0 0 1 1 1 ff b2 1 1 1 ff a0 1 1 1 ff 9e 0 ff 1 0 ff 0 0 0 0 0 0 0 0 0 0 0 0 0 0 0 0 0 0 0 0 0  0 0 0 0 0 0 0 0 0 0 0 0
-88 3 4 0 0 9 0 0 0 0 0 1 1 1 ff95 1 1 1 ff 9e 0 ff 1 0 ff 1 1 1 ff 9c 0  0 0 0 0 00 0 0 0 0 0 0 0 0 0 0 0 0 0 0 0 0 0 0 0 0 0 0 0 0 00
-78 1 4 0 0 9 0 0 0 0 0 0 0 1 0 ff 1 1 1 ff a9 1 1 1 ff 98 1 1 1 ff b2 0 0 0 0 0 0 0 0 0 0 0 0 0 0 0 0 0 0 0 0 0 0 0 0 0 0 0 0 0 0 0 0 0 0
-75 2 4 0 0 9 0 0 0 0 0 1 1 1 ff a8 0 ff 1 0 ff 1 1 1 ff 9d 1 1 1 ff 9d 0 0 0 0 0 0 0 0 0 0 0 0 0 0 0 0 0 0 0 0 0 0 0 0 0 0 0 0 0 0 0 0 0 0
-77 4 4 0 0 9 0 0 0 0 0 1 1 1 ff b2 1 1 1 ff a0 1 1 1 ff 9e 0 ff 1 0 ff 0 0 0 0 0 0 0 0 0 0 0 0 0 0 0 0 0 0 0 0 0 0 0 0 0 0 0 0 0 0 0 0 0 0
-87 3 4 0 0 9 0 0 0 0 0 1 1 1 ff 95 1 1 1 ff 9e 0 ff 1 0 ff 1 1 1 ff 9d 0 0 0 0 0 0 0 0 0 0 0 0 0 0 0 0 0 0 0 0 0 0 0 0 0 0 0 0 0 0 0 0 0 0
-77 4 4 0 0 9 0 0 0 0 0 1 1 1 ff b2 1 1 1 ff a0 1 1 1 ff 9e 0 ff 1 0 ff 0 0 0 0 0 0 0 0 0 0 0 0 0 0 0 0 0 0 0 0 0 0 0 0 0 0 0 0 0 0 0 0 0 0
-77 1 4 0 0 9 0 0 0 0 0 0 0 1 0 ff 1 1 1 ff a9 1 1 1 ff 98 1 1 1 ff b2 0 0 0 0 0 0 0 0 0 0 0 0 0 0 0 0 0 0 0 0 0 0 0 0 0 0 0 0 0 0 0 0 0 0
-87 3 4 0 0 9 0 0 0 0 0 1 1 1 ff 94 1 1 1 ff 9e 0 ff 1 0 ff 1 1 1 ff 9d 0 0 0 0 0 0 0 0 0 0 0 0 0 0 0 0 0 0 0 0 0 0 0 0 0 0 0 0 0 0 0 0 0 0
-75 2 4 0 0 9 0 0 0 0 0 1 1 1 ff a8 0 ff 1 0 ff 1 1 1 ff 9d 1 1 1 ff 9d 0 0 0 0 0 0 0 0 0 0 0 0 0 0 0 0 0 0 0 0 0 0 0 0 0 0 0 0 0 0 0 0 0 0
-77 4 4 0 0 9 0 0 0 0 0 1 1 1 ff b2 1 1 1 ff a0 1 1 1 ff 9e 0 ff 1 0 ff 0 0 0 0 0 0 0 0 0 0 0 0 0 0 0 0 0 0 0 0 0 0 0 0 0 0 0 0 0 0 0 0 0 0
-87 3 4 0 0 9 0 0 0 0 0 1 1 1 ff 94 1 1 1 ff 9e 0 ff 1 0 ff 1 1 1 ff 9d 0 0 0 0 0 0 0 0 0 0 0 0 0 0 0 0 0 0 0 0 0 0 0 0 0 0 0 0 0 0 0 0 0 0
-78 4 4 0 0 9 0 0 0 0 0 1 1 1 ff b2 1 1 1 ff a0 1 1 1 ff 9e 0 ff 1 0 ff 0 0 0 0 0 0 0 0 0 0 0 0 0 0 0 0 0 0 0 0 0 0 0 0 0 0 0 0 0 0 0 0 0 0
-75 2 4 0 0 9 0 0 0 0 0 1 1 1 ff a8 0 ff 1 0 ff 1 1 1 ff 9d 1 1 1 ff 9d 0 0 0 0 0 0 0 0 0 0 0 0 0 0 0 0 0 0 0 0 0 0 0 0 0 0 0 0 0 0 0 0 0 0
-78 1 4 0 0 9 0 0 0 0 0 0 0 1 0 ff 1 1 1 ff a9 1 1 1 ff 98 1 1 1 ff b2 0 0 0 0 0 0 0 0 0 0 0 0 0 0 0 0 0 0 0 0 0 0 0 0 0 0 0 0 0 0 0 0 0 0
-77 4 4 0 0 9 0 0 0 0 0 1 1 1 ff b2 1 1 1 ff a0 1 1 1 ff 9e 0 ff 1 0 ff 0 0 0 0 0 0 0 0 0 0 0 0 0 0 0 0 0 0 0 0 0 0 0 0 0 0 0 0 0 0 0 0 0 0
-90 3 4 0 0 9 0 0 0 0 0 1 1 1 ff 95 1 1 1 ff 9e 0 ff 1 0 ff 1 1 1 ff 9c 0 0 0 0 0 0 0 0 0 0 0 0 0 0 0 0 0 0 0 0 0 0 0 0 0 0 0 0 0 0 0 0 0 0
-75 2 4 0 0 9 0 0 0 0 0 1 1 1 ff a8 0 ff 1 0 ff 1 1 1 ff a0 1 1 1 ff 9d 0 0 0 0 0 0 0 0 0 0 0 0 0 0 0 0 0 0 0 0 0 0 0 0 0 0 0 0 0 0 0 0 0 0
-78 4 4 0 0 9 0 0 0 0 0 1 1 1 ff b2 1 1 1 ff a0 1 1 1 ff 9e 0 ff 1 0 ff 0 0 0 0 0 0 0 0 0 0 0 0 0 0 0 0 0 0 0 0 0 0 0 0 0 0 0 0 0 0 0 0 0 0
-79 1 4 0 0 9 0 0 0 0 0 0 0 1 0 ff 1 1 1 ff a9 1 1 1 ff 98 1 1 1 ff b2 0 0 0 0 0 0 0 0 0 0 0 0 0 0 0 0 0 0 0 0 0 0 0 0 0 0 0 0 0 0 0 0 0 0
-86 3 4 0 0 9 0 0 0 0 0 1 1 1 ff 94 1 1 1 ff 9e 0 ff 1 0 ff 1 1 1 ff 9c 0 0 0 0 0 0 0 0 0 0 0 0 0 0 0 0 0 0 0 0 0 0 0 0 0 0 0 0 0 0 0 0 0 0
-77 4 4 0 0 9 0 0 0 0 0 1 1 1 ff b2 1 1 1 ff a0 1 1 1 ff 9e 0 ff 1 0 ff 0 0 0 0 0 0 0 0 0 0 0 0 0 0 0 0 0 0 0 0 0 0 0 0 0 0 0 0 0 0 0 0 0 0
-75 2 4 0 0 9 0 0 0 0 0 1 1 1 ff a8 0 ff 1 0 ff 1 1 1 ff 9d 1 1 1 ff 9d 0 0 0 0 0 0 0 0 0 0 0 0 0 0 0 0 0 0 0 0 0 0 0 0 0 0 0 0 0 0 0 0 0 0
-87 3 4 0 0 9 0 0 0 0 0 1 1 1 ff 95 1 1 1 ff 9e 0 ff 1 0 ff 1 1 1 ff 9d 0 0 0 0 0 0 0 0 0 0 0 0 0 0 0 0 0 0 0 0 0 0 0 0 0 0 0 0 0 0 0 0 0 0
-77 4 4 0 0 9 0 0 0 0 0 1 1 1 ff b2 1 1 1 ff a0 1 1 1 ff 9e 0 ff 1 0 ff 0 0 0 0 0 0 0 0 0 0 0 0 0 0 0 0 0 0 0 0 0 0 0 0 0 0 0 0 0 0 0 0 0 0
-78 1 4 0 0 9 0 0 0 0 0 0 0 1 0 ff 1 1 1 ff a9 1 1 1 ff 97 1 1 1 ff b2 0 0 0 0 0 0 0 0 0 0 0 0 0 0 0 0 0 0 0 0 0 0 0 0 0 0 0 0 0 0 0 0 0 0
-78 4 4 0 0 9 0 0 0 0 0 1 1 1 ff b2 1 1 1 ff a0 1 1 1 ff 9e 0 ff 1 0 ff 0 0 0 0 0 0 0 0 0 0 0 0 0 0 0 0 0 0 0 0 0 0 0 0 0 0 0 0 0 0 0 0 0 0
-75 2 4 0 0 9 0 0 0 0 0 1 1 1 ff a8 0 ff 1 0 ff 1 1 1 ff 9d 1 1 1 ff 9d 0 0 0 0 0 0 0 0 0 0 0 0 0 0 0 0 0 0 0 0 0 0 0 0 0 0 0 0 0 0 0 0 0 0
-87 3 4 0 0 9 0 0 0 0 0 1 1 1 ff 95 1 1 1 ff 9e 0 ff 1 0 ff 1 1 1 ff 9c 0 0 0 0 0 0 0 0 0 0 0 0 0 0 0 0 0 0 0 0 0 0 0 0 0 0 0 0 0 0 0 0 0 0
-76 4 4 0 0 9 0 0 0 0 0 1 1 1 ff b2 1 1 1 ff a0 1 1 1 ff 9e 0 ff 1 0 ff 0 0 0 0 0 0 0 0 0 0 0 0 0 0 0 0 0 0 0 0 0 0 0 0 0 0 0 0 0 0 0 0 0 0
-74 1 4 0 0 9 0 0 0 0 0 0 0 1 0 ff 1 1 1 ff a9 1 1 1 ff 98 1 1 1 ff b2 0 0 0 0 0 0 0 0 0 0 0 0 0 0 0 0 0 0 0 0 0 0 0 0 0 0 0 0 0 0 0 0 0 0
-87 3 4 0 0 9 0 0 0 0 0 1 1 1 ff 95 1 1 1 ff 9e 0 ff 1 0 ff 1 1 1 ff 9c 0 0 0 0 0 0 0 0 0 0 0 0 0 0 0 0 0 0 0 0 0 0 0 0 0 0 0 0 0 0 0 0 0 0
